2000
2 24
1 35
2 44
2 18
2 47
1 55
1 61
2 56
1 87
1 90
1 23
2 38
1 56
2 62
2 35
2 43
1 61
1 5
2 48
1 57
2 100
2 92
1 98
1 37
2 8
2 14
1 55
2 20
2 57
1 58
1 64
2 94
1 93
2 40
1 21
2 12
2 15
2 8
1 83
2 23
2 78
2 48
1 73
1 85
2 10
1 88
1 66
1 77
1 49
1 14
2 37
1 1
2 69
1 77
2 29
2 59
2 64
2 92
1 58
1 20
1 74
1 81
2 96
2 72
2 92
2 94
2 70
2 69
2 14
2 87
2 23
2 50
1 5
2 1
2 82
2 47
2 90
2 43
1 86
1 30
1 89
1 77
2 47
2 83
2 35
2 92
1 70
1 65
2 62
2 30
1 69
2 97
2 86
1 47
2 98
1 32
2 3
2 97
2 95
2 10
1 42
1 50
2 54
1 94
2 58
2 49
2 79
2 52
1 86
1 80
1 57
2 66
2 60
1 99
2 71
2 72
1 3
1 69
2 56
2 82
1 31
2 57
1 80
2 10
2 25
1 63
2 43
1 26
2 42
1 36
2 90
1 2
2 39
2 41
2 95
1 76
1 72
1 68
2 62
2 55
2 86
2 96
1 92
1 78
1 86
2 44
2 64
1 35
1 23
2 8
1 99
1 81
2 48
1 48
1 11
1 38
1 25
2 38
2 82
1 46
1 73
2 10
2 27
1 23
1 33
1 29
2 33
2 76
1 76
2 13
2 23
2 79
1 10
1 70
2 64
2 20
1 88
1 65
1 72
2 52
2 44
2 27
1 10
1 21
1 64
2 11
1 70
1 31
2 71
2 98
2 93
2 62
1 50
2 6
1 5
2 91
2 98
2 69
1 2
1 38
1 53
2 66
2 90
1 38
1 93
2 77
2 97
1 11
1 51
2 74
1 17
1 1
1 97
1 84
1 64
2 16
1 13
2 26
1 82
1 60
1 29
2 20
2 56
2 25
2 89
1 32
2 49
2 56
2 20
1 15
1 48
2 75
1 29
1 11
2 96
1 16
1 68
2 13
2 56
1 40
2 47
2 80
1 95
1 38
1 81
1 16
1 78
1 69
2 37
1 89
2 24
2 28
2 76
2 2
2 88
1 57
1 60
1 56
1 13
2 76
1 28
1 60
1 23
2 76
2 16
2 68
1 48
1 4
2 87
2 56
2 82
1 59
1 6
2 22
1 34
1 62
2 15
1 16
2 94
2 77
2 31
1 38
1 97
2 69
2 94
2 4
1 88
1 80
1 31
1 9
1 79
1 20
2 76
1 26
2 37
2 96
1 32
2 32
2 60
2 41
2 33
2 23
2 66
1 63
1 39
2 9
1 40
1 10
2 66
2 95
1 41
1 41
2 41
1 48
2 36
1 29
2 61
1 85
1 61
2 93
1 78
2 26
2 40
2 12
2 22
2 21
2 67
2 66
1 22
1 58
1 10
2 4
1 7
1 22
2 75
2 85
1 4
1 11
2 63
2 82
1 64
1 1
2 45
2 96
2 46
1 87
1 87
2 59
1 85
1 30
2 67
1 80
2 64
2 68
1 65
1 68
1 93
1 85
2 89
2 63
2 95
2 7
2 36
1 25
2 4
2 59
1 41
1 10
2 22
2 49
1 40
2 4
2 61
2 89
2 85
1 91
2 92
2 82
2 83
1 32
1 28
2 59
2 41
1 48
2 91
1 16
1 32
1 28
2 98
1 33
2 27
2 50
2 59
1 36
2 65
1 3
2 58
2 76
1 50
2 87
1 41
2 90
1 87
1 84
2 68
2 16
2 77
1 41
2 78
2 97
2 2
2 71
2 1
2 89
2 26
1 76
2 38
1 91
2 40
1 12
1 4
1 27
1 7
2 84
2 33
2 77
1 85
2 53
2 44
1 79
1 39
2 19
2 93
1 70
2 98
2 42
1 82
2 80
2 87
1 46
2 57
2 83
2 65
2 87
1 17
2 41
1 46
1 63
1 97
1 79
1 38
2 99
2 47
1 91
2 63
2 61
2 93
2 64
1 66
2 30
2 19
1 7
1 96
2 4
1 25
1 13
2 62
2 2
1 88
1 69
1 23
2 88
1 32
2 90
1 15
2 86
2 36
2 33
2 10
1 82
2 90
1 3
1 9
2 11
2 20
1 82
2 69
2 80
2 32
1 84
2 78
2 44
2 79
1 26
2 56
1 18
2 74
2 14
1 46
2 78
1 55
1 51
1 63
2 82
1 77
1 44
1 48
2 49
2 53
1 6
1 40
2 89
2 68
1 81
1 30
1 95
2 90
1 69
1 61
1 26
2 81
1 14
2 77
2 29
2 35
1 69
2 47
2 76
1 4
2 77
1 93
1 19
1 93
2 78
2 70
2 92
1 8
1 30
2 2
1 53
1 67
1 62
2 28
1 82
1 91
2 76
2 64
2 39
1 33
1 52
1 77
1 70
1 13
1 90
2 21
2 100
1 45
2 5
1 10
2 28
1 69
2 40
1 52
2 69
1 27
1 88
2 64
1 84
1 14
1 90
1 65
2 25
2 83
2 27
2 87
2 4
2 30
1 74
2 52
1 11
1 66
1 56
2 27
2 87
2 58
2 25
2 16
1 36
2 10
2 73
1 21
2 17
1 4
1 28
2 68
1 97
1 11
2 21
1 98
1 9
1 6
2 9
1 86
1 35
2 87
1 11
2 98
1 67
2 2
2 52
2 70
2 37
1 81
2 80
1 90
2 61
1 72
2 3
1 64
1 27
1 47
2 58
2 5
1 54
1 98
1 3
2 34
2 39
1 73
2 30
2 72
1 26
1 23
1 71
2 81
2 20
2 41
2 98
2 87
2 14
1 17
2 81
2 5
1 61
2 91
2 84
1 77
1 39
1 78
1 88
2 11
2 18
2 76
2 18
2 3
2 50
2 50
1 41
1 65
1 79
2 62
2 26
2 97
2 79
1 99
2 86
2 13
1 6
2 24
2 58
1 80
1 88
2 93
1 50
2 89
1 69
1 96
2 24
2 53
2 26
2 55
2 89
1 80
2 96
1 95
2 61
1 62
2 36
1 8
2 21
2 92
2 29
2 85
2 1
2 34
1 77
2 46
2 91
1 72
1 93
1 50
2 68
2 29
1 54
2 91
1 61
2 23
2 100
2 34
2 100
1 65
2 20
1 50
1 75
2 69
1 77
2 66
1 13
2 36
1 21
2 10
2 25
1 31
2 46
2 82
1 16
1 62
2 30
1 37
2 2
1 60
2 38
1 73
2 85
2 66
2 59
2 55
1 66
1 68
1 13
2 89
2 23
1 5
1 55
1 38
1 4
1 77
2 9
2 27
1 97
1 42
1 100
1 16
2 24
1 79
2 25
2 18
1 13
2 19
2 12
2 15
2 84
1 41
2 74
1 55
2 46
1 32
1 98
1 90
2 71
2 19
2 57
1 61
1 4
2 3
2 5
1 51
2 42
1 72
1 68
1 32
1 98
1 21
1 43
2 70
2 100
2 96
2 26
1 37
1 40
1 87
1 53
1 72
2 40
2 94
2 19
2 37
2 74
2 43
2 63
2 11
1 28
2 12
2 9
2 15
1 66
1 80
2 9
1 38
1 86
2 13
1 94
2 46
1 33
1 31
1 74
1 81
2 82
2 89
1 17
2 25
1 99
1 96
1 10
1 56
1 18
2 28
1 26
2 38
1 71
1 35
1 54
2 68
2 23
2 52
2 64
2 54
1 31
2 83
2 45
2 17
2 76
1 60
1 3
1 18
2 24
1 100
2 13
2 1
1 7
2 16
1 11
2 47
1 51
2 50
1 6
2 38
1 84
1 49
2 3
1 95
1 45
1 39
2 71
2 39
2 82
1 45
2 55
1 61
1 18
1 66
2 7
2 67
1 90
1 85
1 35
2 75
2 85
2 82
1 6
1 24
2 87
1 39
2 39
1 96
2 79
1 73
1 21
2 1
2 93
1 56
2 6
1 55
2 74
2 37
2 59
1 89
2 74
2 37
2 80
1 88
1 38
1 98
1 39
2 75
2 64
2 1
2 52
2 25
1 44
1 66
2 97
2 54
1 84
2 61
2 63
2 39
1 51
1 38
2 87
1 29
2 2
2 21
2 56
1 86
1 81
1 74
1 45
2 39
1 46
2 31
1 61
2 16
2 84
2 58
2 5
2 86
1 17
2 61
2 72
2 59
2 65
1 31
2 13
1 19
1 26
2 30
1 59
1 48
2 41
1 87
2 32
1 57
1 53
1 4
2 38
1 8
2 31
1 30
2 43
2 48
1 44
2 34
2 18
2 55
2 64
1 67
1 10
2 69
1 41
2 5
1 10
2 88
1 36
2 6
1 74
1 38
2 66
2 65
2 71
2 33
2 19
1 62
1 9
2 14
2 32
2 12
1 7
2 65
2 99
2 59
2 53
2 83
2 41
1 63
2 91
1 96
1 55
1 7
1 67
2 35
2 78
1 11
2 53
1 16
2 76
2 35
1 17
2 33
1 26
1 29
1 90
1 44
2 66
2 22
2 21
2 18
2 11
2 71
2 59
1 33
2 76
2 4
2 44
2 42
1 39
1 19
1 96
2 77
2 94
2 92
1 96
1 49
1 100
1 25
1 75
1 9
1 71
1 83
1 90
2 36
1 76
2 95
1 76
2 65
1 16
1 19
1 5
2 81
2 95
2 76
1 15
2 44
1 72
2 25
1 61
1 46
1 73
2 47
2 91
1 50
2 56
2 23
1 45
1 69
2 89
1 68
1 10
1 78
2 86
2 44
1 43
1 22
2 2
2 82
2 36
1 93
1 84
2 62
2 57
2 37
2 26
1 51
2 66
2 92
1 8
1 37
1 3
1 52
2 50
2 68
2 77
2 15
2 1
2 62
2 2
2 62
1 57
2 10
2 88
1 52
1 74
1 28
2 8
1 46
1 12
2 85
1 56
1 54
2 11
1 14
2 86
1 98
1 78
2 77
2 16
2 86
2 46
2 45
2 43
2 100
2 77
1 43
1 34
1 64
2 40
2 15
1 59
2 69
2 29
1 65
1 14
1 67
2 10
1 9
2 34
2 91
2 42
1 89
1 28
2 34
1 20
2 62
1 43
1 65
2 58
2 16
1 91
1 55
1 25
2 50
1 64
2 87
2 87
1 69
1 56
2 40
2 36
1 13
1 75
1 23
1 59
2 99
2 63
1 62
1 53
1 49
1 55
2 44
2 3
1 86
2 8
1 73
1 61
2 76
1 17
1 77
2 59
1 21
2 4
1 44
2 77
2 13
2 40
2 40
2 30
1 6
1 80
1 23
2 34
2 36
1 87
1 48
1 69
1 85
1 44
2 5
2 97
2 74
1 60
2 56
1 80
1 3
1 98
1 14
2 98
1 91
2 1
2 35
1 32
1 20
1 17
1 35
2 4
1 76
2 13
1 65
2 7
2 83
2 10
1 76
1 21
2 10
1 72
1 27
1 35
2 34
1 98
2 40
2 80
2 70
2 21
2 11
1 92
2 70
2 78
2 38
1 74
2 48
2 45
1 7
2 58
1 20
2 84
1 25
2 19
1 100
1 3
2 57
2 41
2 33
2 74
2 47
1 24
2 39
2 8
1 67
2 22
1 64
2 22
2 58
1 28
1 84
2 98
2 68
2 10
1 2
1 40
2 78
1 1
2 63
2 46
2 9
1 80
2 93
1 4
1 19
2 7
1 33
1 97
1 69
1 75
1 98
2 61
2 34
2 56
2 18
1 37
2 1
2 53
1 24
2 82
1 40
1 4
2 88
2 46
2 12
2 12
2 41
1 36
2 47
1 21
1 17
1 92
1 21
1 52
2 92
1 18
2 39
1 18
2 91
1 73
2 55
1 90
1 28
1 7
2 48
2 12
2 86
2 98
2 54
1 81
2 33
2 3
1 62
1 68
2 3
1 82
1 44
1 90
1 75
1 68
2 58
2 80
1 40
1 31
2 85
1 32
2 99
2 73
1 8
2 34
1 13
2 59
1 92
2 1
2 84
1 11
1 20
1 100
1 7
2 97
1 43
2 5
2 11
1 73
2 83
1 74
1 51
1 96
1 71
2 72
2 32
2 49
2 3
1 3
1 70
2 1
1 71
2 55
2 65
1 80
1 5
1 58
1 41
2 90
1 90
1 19
2 9
2 97
1 32
2 39
1 1
2 4
1 34
1 83
1 45
1 45
1 59
1 82
1 19
1 12
2 90
1 87
1 24
2 44
2 38
2 87
1 63
2 73
1 97
2 46
1 66
2 21
1 99
1 91
2 85
2 6
1 95
2 56
2 10
1 45
1 92
1 41
1 89
2 7
2 90
1 23
1 43
2 49
1 61
1 81
2 90
1 85
1 8
2 59
1 43
2 55
1 20
2 30
2 31
1 6
1 30
1 45
2 58
1 41
1 38
2 45
1 87
2 71
1 44
1 69
2 38
2 12
1 45
2 6
1 22
1 6
1 62
2 55
2 100
2 4
1 44
2 19
1 16
1 70
2 72
2 76
1 35
1 44
1 40
2 77
2 98
2 7
1 74
2 46
1 92
2 80
2 85
2 18
1 85
1 24
1 59
1 75
2 66
2 19
2 8
2 46
2 76
2 2
1 1
1 51
1 96
1 85
2 47
1 89
2 91
2 35
1 64
2 59
2 33
1 9
1 28
1 68
1 35
2 48
1 14
2 84
2 88
2 91
2 55
2 65
2 34
2 79
1 19
2 17
1 34
1 52
1 78
1 15
2 72
2 46
2 9
2 33
1 94
2 6
1 98
2 57
1 48
2 49
2 48
2 87
1 48
2 75
1 56
2 43
2 19
2 85
2 35
2 92
1 25
2 97
1 78
1 82
1 61
2 55
2 77
1 1
2 69
1 84
1 100
1 44
2 44
2 96
2 28
2 40
2 22
1 82
1 25
2 76
2 41
1 29
2 89
2 42
1 48
2 98
2 30
2 92
2 13
1 91
1 14
2 37
2 41
2 8
1 24
1 59
2 34
2 91
2 67
1 78
1 40
1 32
2 80
1 36
2 89
1 87
1 83
2 39
2 7
2 62
1 26
2 40
2 23
2 11
1 63
2 88
2 91
2 70
2 2
2 55
2 64
1 91
1 88
1 99
1 17
2 32
1 12
1 91
1 46
2 75
1 27
1 28
1 30
1 20
2 100
1 76
1 32
1 57
1 14
1 35
1 87
1 97
2 61
2 46
1 96
2 51
2 14
1 40
2 88
1 84
2 70
2 2
2 87
2 52
1 42
1 99
2 7
2 60
1 73
2 30
2 2
2 25
2 98
1 12
2 45
1 44
1 9
1 51
2 7
1 76
2 40
1 14
1 71
1 21
2 80
2 5
2 68
1 43
2 52
2 31
1 85
1 51
1 47
2 23
1 50
2 41
1 38
1 9
1 98
2 61
1 15
2 85
2 3
2 50
2 21
1 66
2 26
2 56
2 61
1 39
2 36
1 7
1 91
1 62
1 48
1 8
1 54
1 96
1 90
1 41
1 93
2 99
2 37
2 14
2 8
1 57
2 15
1 2
1 36
1 64
2 91
1 98
1 96
2 82
2 63
1 75
1 90
2 49
2 1
2 89
2 69
2 20
1 18
1 95
1 99
2 72
1 46
1 19
2 60
1 64
1 96
2 51
1 55
2 1
2 48
1 96
2 9
2 31
2 97
2 33
2 35
1 2
2 60
2 95
1 16
1 93
1 65
1 20
2 9
2 50
2 4
2 77
2 45
1 58
1 90
2 49
2 77
2 8
2 83
2 29
1 19
2 67
2 76
1 41
2 16
1 73
1 32
2 71
1 100
1 91
1 55
1 76
1 90
2 30
2 38
1 75
1 54
2 23
1 98
2 28
2 26
1 39
2 39
2 1
2 76
1 55
1 83
1 54
1 45
1 54
2 52
2 75
2 24
2 87
2 97
1 85
1 99
2 73
2 21
2 20
2 95
2 62
1 14
2 72
1 81
2 19
1 7
2 40
1 69
1 75
2 40
1 56
2 5
1 66
2 22
1 20
2 32
2 31
1 10
2 75
2 46
1 37
1 24
1 78
2 91
1 25
1 54
1 87
1 69
2 27
1 4
1 88
2 12
2 2
2 73
1 38
2 36
1 55
2 56
2 87
1 9
1 70
2 68
2 36
1 43
1 25
1 85
1 98
2 82
2 32
1 43
1 59
2 99
1 81
2 98
2 34
1 77
1 14
2 53
2 49
2 4
1 86
2 86
1 77
1 67
2 87
1 39
2 75
1 99
2 93
1 27
2 59
2 44
1 58
1 100
2 51
1 38
2 92
1 76
2 31
2 63
1 100
2 68
1 58
1 32
2 23
2 74
1 100
2 52
1 68
2 43
2 2
2 66
2 83
1 80
2 36
2 75
2 68
2 40
1 97
2 93
1 38
1 90
1 7
2 60
1 60
1 90
1 51
1 3
2 33
1 39
1 71
2 81
1 12
2 99
1 73
2 42
1 38
1 31
1 94
2 21
1 43
2 100
1 25
2 16
1 9
1 96
2 96
2 100
1 51
2 100
1 19
2 83
2 77
2 66
1 76
1 84
2 7
2 18
1 46
2 77
2 46
1 18
2 79
1 52
2 71
2 95
2 55
2 94
2 17
2 93
1 72
1 77
2 92
2 70
1 57
1 50
2 69
2 72
1 99
2 9
1 77
1 29
1 23
2 28
2 22
2 67
2 38
2 91
1 74
1 84
2 99
1 100
2 33
1 40
1 44
1 33
2 55
1 26
2 25
1 87
1 98
1 38
1 54
1 86
2 78
2 36
2 24
1 1
1 98
1 41
1 8
2 67
2 4
2 94
1 17
2 16
2 38
2 76
2 84
1 25
1 80
1 76
2 11
2 18
1 53
1 57
1 86
1 32
2 39
1 43
2 19
1 63
1 75
2 94
2 23
1 8
1 59
2 48
2 23
